14 0 0
14 1 0
14 2 0
14 3 0
14 4 0
14 5 0
14 6 0
14 7 0
14 8 0
14 9 0
14 10 0
14 11 0
14 12 0
14 13 0
14 14 0
14 15 0
14 16 0
14 17 0
14 18 0
14 19 0
14 20 0
14 21 0
14 22 0
14 23 0
14 24 0
14 25 0
14 26 0
14 27 0
14 28 0
14 29 0
14 30 0
14 31 0
14 32 0
14 33 0
14 34 0
14 35 0
14 36 0
14 37 0
14 38 0
14 39 0
14 40 0
14 41 0
14 42 0
14 43 0
14 44 0
14 45 0
14 46 0
14 47 0
14 48 0
14 49 0
14 50 0
14 51 0
14 52 0
14 53 0
14 54 0
14 55 0
14 56 0
14 57 0
14 58 0
14 59 0
14 60 0
14 61 0
14 62 0
14 63 0
14 64 0
14 65 0
14 66 0
14 67 0
14 68 0
14 69 0
14 70 0
14 71 0
14 72 0
14 73 0
14 74 0
14 75 0
14 76 0
14 77 0
14 78 0
14 79 0
14 80 0
14 81 0
14 82 0
14 83 0
14 84 0
14 85 0
14 86 0
14 87 0
14 88 0
14 89 0
14 90 0
14 91 0
14 92 0
14 93 0
14 94 0
14 95 0
14 96 0
14 97 0
14 98 0
14 99 0
14 100 0
14 101 0
14 102 0
14 103 0
14 104 0
14 105 0
14 106 0
14 107 0
14 108 0
14 109 0
14 110 0
14 111 0
14 112 0
14 113 0
14 114 0
14 115 0
14 116 0
14 117 0
14 118 0
14 119 0
14 120 0
14 0 1
14 16 1
14 120 1
14 0 2
14 16 2
14 120 2
14 0 3
14 16 3
14 120 3
14 0 4
03 10 4
14 16 4
01 63 4
03 96 4
03 101 4
14 120 4
14 0 5
14 16 5
23 31 5
14 94 5
03 97 5
03 100 5
14 103 5
14 120 5
14 0 6
14 9 6
14 10 6
14 16 6
14 94 6
14 95 6
14 102 6
14 103 6
14 120 6
14 0 7
14 9 7
14 10 7
03 46 7
03 47 7
03 48 7
14 53 7
14 54 7
14 55 7
14 94 7
14 95 7
14 96 7
14 101 7
14 102 7
14 103 7
14 120 7
14 0 8
11 1 8
11 2 8
11 3 8
11 4 8
11 5 8
11 6 8
14 9 8
14 10 8
14 70 8
14 71 8
14 120 8
14 0 9
11 1 9
11 2 9
11 3 9
11 4 9
11 5 9
11 6 9
14 9 9
14 10 9
02 23 9
22 25 9
22 29 9
11 98 9
11 99 9
15 113 9
14 120 9
14 0 10
14 7 10
14 8 10
03 11 10
03 14 10
03 17 10
03 20 10
11 23 10
16 25 10
13 27 10
16 29 10
14 45 10
14 49 10
14 50 10
22 69 10
14 93 10
14 94 10
14 103 10
14 104 10
11 113 10
14 120 10
14 0 11
14 7 11
14 8 11
12 25 11
12 29 11
14 32 11
14 36 11
14 40 11
14 44 11
14 49 11
14 50 11
16 69 11
14 93 11
14 94 11
14 103 11
14 104 11
03 109 11
03 113 11
03 118 11
14 120 11
14 0 12
00 5 12
14 7 12
14 8 12
21 14 12
25 18 12
20 22 12
12 25 12
12 29 12
20 31 12
20 34 12
20 38 12
20 41 12
14 44 12
14 49 12
14 50 12
12 69 12
14 78 12
21 81 12
21 83 12
21 86 12
21 89 12
14 91 12
14 95 12
14 96 12
14 97 12
14 98 12
14 99 12
14 100 12
14 101 12
14 102 12
14 107 12
14 120 12
14 0 13
14 1 13
14 2 13
14 3 13
14 4 13
14 5 13
14 6 13
14 7 13
14 8 13
14 9 13
14 10 13
14 11 13
14 12 13
14 13 13
14 14 13
14 15 13
14 16 13
14 17 13
14 18 13
14 19 13
14 20 13
14 21 13
14 22 13
14 23 13
14 24 13
14 25 13
14 26 13
14 27 13
14 28 13
14 29 13
14 30 13
14 31 13
14 32 13
14 33 13
14 34 13
14 35 13
14 36 13
14 37 13
14 38 13
14 39 13
14 40 13
14 41 13
14 42 13
14 43 13
14 44 13
14 49 13
14 50 13
14 57 13
14 58 13
14 59 13
14 60 13
14 66 13
14 67 13
14 68 13
14 69 13
14 78 13
14 79 13
14 80 13
14 81 13
14 82 13
14 83 13
14 84 13
14 85 13
14 86 13
14 87 13
14 88 13
14 89 13
14 90 13
14 91 13
14 95 13
14 96 13
14 97 13
14 98 13
14 99 13
14 100 13
14 101 13
14 102 13
14 107 13
14 108 13
14 109 13
14 110 13
14 111 13
14 112 13
14 113 13
14 114 13
14 115 13
14 116 13
14 117 13
14 118 13
14 119 13
14 120 13
14 0 14
14 1 14
14 2 14
14 3 14
14 4 14
14 5 14
14 6 14
14 7 14
14 8 14
14 9 14
14 10 14
14 11 14
14 12 14
14 13 14
14 14 14
14 15 14
14 16 14
14 17 14
14 18 14
14 19 14
14 20 14
14 21 14
14 22 14
14 23 14
14 24 14
14 25 14
14 26 14
14 27 14
14 28 14
14 29 14
14 30 14
14 31 14
14 32 14
14 33 14
14 34 14
14 35 14
14 36 14
14 37 14
14 38 14
14 39 14
14 40 14
14 41 14
14 42 14
14 43 14
14 44 14
10 45 14
10 46 14
10 47 14
10 48 14
10 49 14
10 50 14
10 51 14
10 52 14
10 53 14
10 54 14
10 55 14
10 56 14
10 57 14
10 58 14
10 59 14
10 60 14
10 61 14
10 62 14
10 63 14
10 64 14
10 65 14
10 66 14
10 67 14
10 68 14
10 69 14
10 70 14
10 71 14
10 72 14
10 73 14
10 74 14
10 75 14
10 76 14
10 77 14
14 78 14
14 79 14
14 80 14
14 81 14
14 82 14
14 83 14
14 84 14
14 85 14
14 86 14
14 87 14
14 88 14
14 89 14
14 90 14
14 91 14
10 92 14
10 93 14
10 94 14
14 95 14
14 96 14
14 97 14
14 98 14
14 99 14
14 100 14
14 101 14
14 102 14
10 103 14
10 104 14
10 105 14
10 106 14
14 107 14
14 108 14
14 109 14
14 110 14
14 111 14
14 112 14
14 113 14
14 114 14
14 115 14
14 116 14
14 117 14
14 118 14
14 119 14
14 120 14
