14 0 0
14 78 0
14 0 1
14 78 1
14 0 2
03 33 2
14 78 2
14 0 3
03 33 3
03 56 3
14 78 3
14 0 4
03 33 4
03 43 4
03 44 4
03 45 4
14 78 4
14 0 5
03 12 5
03 13 5
03 14 5
03 33 5
01 56 5
14 78 5
14 0 6
11 29 6
11 30 6
11 31 6
11 32 6
11 33 6
14 56 6
03 66 6
14 78 6
14 0 7
14 78 7
14 0 8
00 18 8
14 42 8
14 46 8
11 53 8
25 56 8
11 59 8
14 78 8
14 0 9
14 8 9
14 9 9
11 10 9
11 11 9
13 15 9
11 16 9
11 17 9
11 18 9
14 41 9
14 42 9
14 46 9
14 47 9
13 54 9
11 55 9
13 56 9
11 57 9
13 58 9
22 70 9
14 78 9
14 0 10
16 26 10
14 40 10
14 41 10
14 42 10
14 46 10
14 47 10
14 48 10
14 66 10
16 70 10
14 78 10
14 0 11
14 13 11
12 26 11
14 39 11
14 40 11
14 41 11
14 42 11
14 46 11
14 47 11
14 48 11
14 49 11
14 66 11
12 70 11
14 78 11
14 0 12
20 20 12
20 24 12
12 26 12
21 30 12
21 34 12
14 38 12
14 39 12
14 40 12
14 41 12
14 42 12
14 46 12
14 47 12
14 48 12
14 49 12
14 50 12
25 55 12
25 60 12
14 66 12
12 70 12
15 75 12
14 78 12
14 0 13
14 1 13
14 2 13
14 3 13
14 4 13
14 5 13
14 6 13
14 7 13
14 8 13
14 9 13
14 10 13
14 11 13
14 12 13
14 13 13
14 14 13
14 15 13
14 16 13
14 17 13
14 18 13
14 19 13
14 20 13
14 21 13
14 22 13
14 23 13
14 24 13
14 25 13
14 26 13
14 27 13
14 28 13
14 29 13
14 30 13
14 31 13
14 32 13
14 33 13
14 34 13
14 35 13
14 36 13
14 37 13
14 38 13
14 39 13
14 40 13
14 41 13
14 42 13
14 46 13
14 47 13
14 48 13
14 49 13
14 50 13
14 51 13
14 52 13
14 53 13
14 54 13
14 55 13
14 56 13
14 57 13
14 58 13
14 59 13
14 60 13
14 61 13
14 62 13
14 63 13
14 64 13
14 65 13
14 66 13
14 67 13
14 68 13
14 69 13
14 70 13
14 71 13
14 72 13
14 73 13
14 74 13
14 75 13
14 76 13
14 77 13
14 78 13
14 0 14
14 1 14
14 2 14
14 3 14
14 4 14
14 5 14
14 6 14
14 7 14
14 8 14
14 9 14
14 10 14
14 11 14
14 12 14
14 13 14
14 14 14
14 15 14
14 16 14
14 17 14
14 18 14
14 19 14
14 20 14
14 21 14
14 22 14
14 23 14
14 24 14
14 25 14
14 26 14
14 27 14
14 28 14
14 29 14
14 30 14
14 31 14
14 32 14
14 33 14
14 34 14
14 35 14
14 36 14
14 37 14
14 38 14
14 39 14
14 40 14
14 41 14
14 42 14
14 46 14
14 47 14
14 48 14
14 49 14
14 50 14
14 51 14
14 52 14
14 53 14
14 54 14
14 55 14
14 56 14
14 57 14
14 58 14
14 59 14
14 60 14
14 61 14
14 62 14
14 63 14
14 64 14
14 65 14
14 66 14
14 67 14
14 68 14
14 69 14
14 70 14
14 71 14
14 72 14
14 73 14
14 74 14
14 75 14
14 76 14
14 77 14
14 78 14
14 0 15
14 1 15
14 2 15
14 3 15
14 4 15
14 5 15
14 6 15
14 7 15
14 8 15
14 9 15
14 10 15
14 11 15
14 12 15
14 13 15
14 14 15
14 15 15
14 16 15
14 17 15
14 18 15
14 19 15
14 20 15
14 21 15
14 22 15
14 23 15
14 24 15
14 25 15
14 26 15
14 27 15
14 28 15
14 29 15
14 30 15
14 31 15
14 32 15
14 33 15
14 34 15
14 35 15
14 36 15
14 37 15
14 38 15
14 39 15
14 40 15
14 41 15
14 42 15
14 46 15
14 47 15
14 48 15
14 49 15
14 50 15
14 51 15
14 52 15
14 53 15
14 54 15
14 55 15
14 56 15
14 57 15
14 58 15
14 59 15
14 60 15
14 61 15
14 62 15
14 63 15
14 64 15
14 65 15
14 66 15
14 67 15
14 68 15
14 69 15
14 70 15
14 71 15
14 72 15
14 73 15
14 74 15
14 75 15
14 76 15
14 77 15
14 78 15
14 0 16
14 1 16
14 2 16
14 3 16
14 4 16
14 5 16
14 6 16
14 7 16
14 8 16
14 9 16
14 10 16
14 11 16
14 12 16
14 13 16
14 14 16
14 15 16
14 16 16
14 17 16
14 18 16
14 19 16
14 20 16
14 21 16
14 22 16
14 23 16
14 24 16
14 25 16
14 26 16
14 27 16
14 28 16
14 29 16
14 30 16
14 31 16
14 32 16
14 33 16
14 34 16
14 35 16
14 36 16
14 37 16
14 38 16
14 39 16
14 40 16
14 41 16
14 42 16
10 43 16
10 44 16
10 45 16
14 46 16
14 47 16
14 48 16
14 49 16
14 50 16
14 51 16
14 52 16
14 53 16
14 54 16
14 55 16
14 56 16
14 57 16
14 58 16
14 59 16
14 60 16
14 61 16
14 62 16
14 63 16
14 64 16
14 65 16
14 66 16
14 67 16
14 68 16
14 69 16
14 70 16
14 71 16
14 72 16
14 73 16
14 74 16
14 75 16
14 76 16
14 77 16
14 78 16
