14 0 0
14 122 0
14 0 1
01 91 1
14 122 1
14 0 2
03 1 2
14 91 2
14 109 2
14 110 2
14 111 2
14 112 2
14 113 2
14 114 2
14 115 2
14 122 2
14 0 3
03 1 3
13 21 3
03 56 3
03 57 3
14 92 3
14 110 3
14 111 3
14 112 3
14 113 3
14 114 3
14 122 3
14 0 4
03 1 4
14 87 4
14 88 4
14 89 4
14 92 4
14 112 4
14 122 4
14 0 5
23 30 5
03 32 5
03 33 5
03 34 5
23 37 5
14 92 5
14 112 5
14 122 5
14 0 6
14 3 6
14 4 6
14 5 6
14 6 6
14 55 6
14 56 6
14 57 6
14 58 6
03 63 6
03 64 6
03 65 6
13 66 6
14 87 6
14 88 6
14 89 6
14 92 6
14 112 6
14 122 6
14 0 7
11 20 7
11 21 7
11 22 7
11 23 7
14 30 7
14 31 7
14 32 7
14 49 7
14 50 7
14 92 7
15 117 7
14 122 7
14 0 8
03 38 8
14 49 8
22 72 8
14 91 8
14 117 8
14 122 8
14 0 9
02 10 9
22 16 9
03 39 9
14 48 9
14 49 9
14 62 9
14 63 9
14 64 9
14 65 9
14 66 9
14 67 9
16 72 9
03 85 9
03 89 9
03 94 9
03 98 9
03 103 9
03 107 9
14 122 9
14 0 10
11 9 10
11 10 10
11 11 10
16 16 10
03 35 10
03 36 10
03 37 10
03 38 10
03 39 10
03 40 10
14 48 10
14 49 10
01 52 10
16 57 10
12 72 10
04 77 10
11 116 10
11 117 10
11 118 10
14 122 10
14 0 11
03 1 11
12 16 11
11 25 11
03 39 11
14 47 11
14 48 11
14 49 11
11 52 11
12 57 11
12 72 11
11 77 11
03 84 11
03 87 11
03 90 11
03 93 11
03 96 11
03 99 11
03 102 11
03 105 11
03 109 11
14 112 11
14 122 11
14 0 12
03 1 12
03 2 12
20 6 12
20 11 12
12 16 12
25 20 12
11 25 12
25 29 12
03 38 12
14 47 12
14 48 12
14 49 12
12 57 12
12 72 12
11 76 12
11 77 12
11 78 12
20 81 12
20 83 12
25 86 12
25 89 12
21 92 12
21 95 12
21 98 12
21 101 12
21 104 12
21 106 12
14 112 12
03 116 12
03 117 12
03 118 12
14 122 12
14 0 13
14 1 13
14 2 13
14 3 13
14 4 13
14 5 13
14 6 13
14 7 13
14 8 13
14 9 13
14 10 13
14 11 13
14 12 13
14 13 13
14 14 13
14 15 13
14 16 13
14 17 13
14 18 13
14 19 13
14 20 13
14 21 13
14 22 13
14 23 13
14 24 13
14 25 13
14 26 13
14 27 13
14 28 13
14 29 13
14 30 13
14 31 13
14 32 13
14 33 13
14 34 13
14 35 13
14 36 13
14 37 13
14 38 13
14 39 13
14 40 13
14 41 13
14 42 13
14 43 13
14 44 13
14 45 13
14 46 13
14 47 13
14 48 13
14 49 13
14 57 13
14 58 13
14 59 13
14 72 13
14 73 13
14 74 13
14 75 13
14 76 13
14 77 13
14 78 13
14 79 13
14 80 13
14 81 13
14 82 13
14 83 13
14 84 13
14 85 13
14 86 13
14 87 13
14 88 13
14 89 13
14 90 13
14 91 13
14 92 13
14 93 13
14 94 13
14 95 13
14 96 13
14 97 13
14 98 13
14 99 13
14 100 13
14 101 13
14 102 13
14 103 13
14 104 13
14 105 13
14 106 13
14 107 13
14 108 13
14 109 13
14 110 13
14 111 13
14 112 13
14 113 13
14 114 13
14 115 13
14 116 13
14 117 13
14 118 13
14 119 13
14 120 13
14 121 13
14 122 13
10 49 14
10 50 14
10 51 14
10 52 14
10 53 14
10 54 14
10 55 14
10 56 14
10 57 14
10 58 14
10 59 14
10 60 14
10 61 14
10 62 14
10 63 14
10 64 14
10 65 14
10 66 14
10 67 14
10 68 14
10 69 14
10 70 14
10 71 14
10 72 14
